version https://git-lfs.github.com/spec/v1
oid sha256:38adc175bf13751cebf9e1f0325f6471e9a27301596482b1d63c1e9ee364512f
size 60362
